[-1.34327546e-01  1.08034000e-01  8.48924667e-02 -3.62780876e-02
 -3.64142135e-02 -8.67438596e-03 -6.31792620e-02 -5.11166714e-02
  1.50947914e-01 -9.90387574e-02  2.32293606e-01  1.37376981e-02
 -1.76409066e-01 -3.07308231e-02 -3.91936628e-03  1.01510726e-01
 -1.65270478e-01 -5.28952591e-02 -7.49947578e-02 -6.66847527e-02
  6.93027824e-02 -8.71837139e-03  4.06020544e-02  1.69497635e-02
 -1.58335373e-01 -4.02280033e-01 -1.13331690e-01 -7.08798617e-02
  7.40555748e-02 -1.03139281e-01 -2.25270409e-02 -2.30565723e-02
 -2.10780874e-01 -1.50559358e-02 -4.95551340e-02  6.89249933e-02
 -2.20067743e-02 -5.14139459e-02  1.20857477e-01  3.09755187e-02
 -1.40086874e-01  7.47737512e-02 -3.38606834e-02  2.53061533e-01
  1.85038626e-01  1.27325907e-01  4.28197980e-02 -5.02682552e-02
  4.25888821e-02 -2.12072819e-01  6.54219985e-02  1.08887054e-01
 -4.99651767e-04  4.83456738e-02  6.49715811e-02 -1.63985416e-01
  4.02963012e-02  5.61578870e-02 -1.96285248e-01  6.80480972e-02
  1.56405438e-02 -3.94452885e-02  1.03879161e-02 -1.52436597e-03
  1.89133093e-01  1.16171524e-01 -9.22638923e-02 -1.27066165e-01
  1.13280751e-01 -1.96901962e-01  1.70797780e-02  3.41089629e-02
 -1.07625596e-01 -2.30770230e-01 -3.13169748e-01  1.02198079e-01
  4.13158327e-01  2.35914320e-01 -1.63229153e-01  2.56405938e-02
 -4.68933471e-02 -1.38510661e-02  1.58139795e-01  9.16714594e-02
 -8.05335194e-02  2.28773896e-03 -9.97442827e-02  4.81511243e-02
  1.84243098e-01  3.91528159e-02 -9.82102528e-02  2.34247878e-01
  4.98332083e-05  4.01494429e-02  1.05400849e-02  1.46240713e-02
 -1.15977474e-01 -6.85747713e-03 -1.08027011e-01 -1.14302151e-02
  2.60910224e-02 -3.95759754e-02 -3.73586044e-02  1.19845122e-01
 -1.64168149e-01  1.50917545e-01 -1.77957620e-02 -4.97428998e-02
 -3.83335166e-02  8.22321475e-02 -1.55185893e-01 -5.01179546e-02
  1.17214628e-01 -2.74551958e-01  1.95583567e-01  3.00313920e-01
  7.29373172e-02  1.72947183e-01  1.18428513e-01  3.90081070e-02
  3.31977904e-02  4.42886576e-02 -1.43201023e-01 -5.81001826e-02
  1.30702201e-02 -3.36110480e-02  8.83663148e-02  2.68794037e-02]
[-0.14264974  0.07922351  0.07162213 -0.01347049 -0.10628588 -0.03781954
 -0.06294917  0.00329406  0.14851269 -0.06597813  0.18686277 -0.05142965
 -0.17456211 -0.01686852 -0.04340021  0.07849813 -0.1715229  -0.0701608
 -0.06335817 -0.02611521  0.0743793  -0.00214536 -0.00245435  0.00460956
 -0.12399511 -0.39670771 -0.16433348 -0.07262915  0.04985356 -0.15572548
  0.01952037  0.0030991  -0.17764828 -0.03637386 -0.05331545  0.06858591
 -0.04191029 -0.03885375  0.17726095  0.02066579 -0.16946509  0.01236387
  0.00755809  0.2980364   0.17355092  0.08476693 -0.01340527 -0.01668492
  0.0568129  -0.23066628  0.06548721  0.21728776  0.03550062  0.04756755
  0.06451715 -0.06291778  0.05114417  0.09258328 -0.1817226   0.05305775
  0.07841091 -0.07351639 -0.03272106  0.00364153  0.17135009  0.12225557
 -0.06437565 -0.11937962  0.12471657 -0.18198669 -0.00448892  0.00306663
 -0.12903513 -0.20731622 -0.30994639  0.08152407  0.41371152  0.1386182
 -0.12144558  0.07140982 -0.04883417 -0.03272028  0.10757314  0.06795128
 -0.1539036   0.03252659 -0.12225034  0.12815559  0.14895421 -0.01001382
 -0.01054533  0.16362867  0.00739881  0.01405563  0.06966732  0.00883619
 -0.06491353 -0.04424133 -0.12848341  0.02186989  0.13162896 -0.09565905
 -0.03362365  0.10392059 -0.14692326  0.11065833  0.02308566 -0.07830203
 -0.03386505 -0.00127242 -0.16417952 -0.04009343  0.17871517 -0.19276524
  0.17701739  0.1884288  -0.00566376  0.14165258  0.12684885  0.07861059
 -0.03784872 -0.00421602 -0.11770464 -0.03028938  0.02029006  0.03108023
  0.06181334  0.00179108]
